      Mean by Position
1             0.024800
2             0.013300
5             0.012000
10            0.016500
20            0.018230
50            0.022632
100           0.018406
200           0.020127
250           0.019731
500           0.020104
1000          0.020086

      Std Dev by Position
1                0.999742
2                0.710052
5                0.447397
10               0.319409
20               0.222364
50               0.142402
100              0.101382
200              0.070714
250              0.063276
500              0.044807
1000             0.031870